0 0 0.315
1 0 0.0
2 0 0.0
3 0 0.028
4 0 0.0
5 0 0.0
6 0 0.0
7 0 0.0
8 0 0.0
9 0 0.028
10 0 0.0
11 0 0.0
12 0 0.0
13 0 0.009
14 0 0.0
15 0 0.0
16 0 0.0
17 0 0.0
18 0 0.0
19 0 0.0
20 0 0.0
0 1 0.012
1 1 0.198
2 1 0.0
3 1 0.0
4 1 0.0
5 1 0.012
6 1 0.0
7 1 0.023
8 1 0.0
9 1 0.035
10 1 0.035
11 1 0.0
12 1 0.012
13 1 0.047
14 1 0.0
15 1 0.093
16 1 0.012
17 1 0.0
18 1 0.047
19 1 0.012
20 1 0.0
0 2 0.0
1 2 0.0
2 2 1.0
3 2 0.0
4 2 0.0
5 2 0.0
6 2 0.0
7 2 0.0
8 2 0.0
9 2 0.0
10 2 0.0
11 2 0.0
12 2 0.0
13 2 0.0
14 2 0.0
15 2 0.0
16 2 0.0
17 2 0.0
18 2 0.0
19 2 0.0
20 2 0.0
0 3 1.5
1 3 0.105
2 3 0.0
3 3 0.421
4 3 0.0
5 3 0.0
6 3 0.0
7 3 0.0
8 3 0.0
9 3 0.026
10 3 0.026
11 3 0.0
12 3 0.0
13 3 0.026
14 3 0.0
15 3 0.0
16 3 0.0
17 3 0.0
18 3 0.079
19 3 0.0
20 3 0.0
0 4 0.0
1 4 0.035
2 4 0.0
3 4 0.0
4 4 0.211
5 4 0.0
6 4 0.0
7 4 0.035
8 4 0.0
9 4 0.018
10 4 0.088
11 4 0.0
12 4 0.035
13 4 0.0
14 4 0.123
15 4 0.088
16 4 0.035
17 4 0.0
18 4 0.018
19 4 0.0
20 4 0.0
0 5 0.0
1 5 0.036
2 5 0.0
3 5 0.067
4 5 0.103
5 5 0.903
6 5 0.0
7 5 0.012
8 5 0.0
9 5 0.061
10 5 0.079
11 5 0.0
12 5 0.0
13 5 0.03
14 5 0.012
15 5 0.0
16 5 0.006
17 5 0.0
18 5 0.024
19 5 0.0
20 5 0.0
0 6 0.0
1 6 0.0
2 6 0.0
3 6 0.0
4 6 0.0
5 6 0.0
6 6 0.993
7 6 0.021
8 6 0.0
9 6 0.0
10 6 0.007
11 6 0.007
12 6 0.0
13 6 0.0
14 6 0.0
15 6 0.0
16 6 0.0
17 6 0.0
18 6 0.0
19 6 0.021
20 6 0.0
0 7 0.0
1 7 0.027
2 7 0.0
3 7 0.0
4 7 0.0
5 7 0.0
6 7 0.0
7 7 0.73
8 7 0.0
9 7 0.0
10 7 0.014
11 7 0.0
12 7 0.0
13 7 0.014
14 7 0.02
15 7 0.034
16 7 0.0
17 7 0.0
18 7 0.034
19 7 0.068
20 7 0.0
0 8 0.0
1 8 0.0
2 8 0.0
3 8 0.0
4 8 0.0
5 8 0.0
6 8 0.0
7 8 0.0
8 8 1.0
9 8 0.0
10 8 0.0
11 8 0.0
12 8 0.0
13 8 0.032
14 8 0.0
15 8 0.0
16 8 0.0
17 8 0.0
18 8 0.0
19 8 0.0
20 8 0.0
0 9 0.024
1 9 0.037
2 9 0.0
3 9 0.024
4 9 0.0
5 9 0.0
6 9 0.0
7 9 0.012
8 9 0.0
9 9 0.122
10 9 0.0
11 9 0.0
12 9 0.024
13 9 0.085
14 9 0.049
15 9 0.024
16 9 0.037
17 9 0.012
18 9 0.012
19 9 0.0
20 9 0.024
0 10 0.057
1 10 0.034
2 10 0.0
3 10 0.0
4 10 0.011
5 10 0.0
6 10 0.0
7 10 0.011
8 10 0.0
9 10 0.0
10 10 0.455
11 10 0.0
12 10 0.011
13 10 0.023
14 10 0.0
15 10 0.0
16 10 0.0
17 10 0.0
18 10 0.0
19 10 0.0
20 10 0.011
0 11 0.0
1 11 0.029
2 11 0.0
3 11 0.0
4 11 0.019
5 11 0.0
6 11 0.0
7 11 0.019
8 11 0.0
9 11 0.01
10 11 0.0
11 11 0.99
12 11 0.029
13 11 0.019
14 11 0.067
15 11 0.019
16 11 0.0
17 11 0.0
18 11 0.038
19 11 0.0
20 11 0.019
0 12 0.0
1 12 0.082
2 12 0.0
3 12 0.0
4 12 0.0
5 12 0.0
6 12 0.0
7 12 0.0
8 12 0.0
9 12 0.041
10 12 0.02
11 12 0.0
12 12 0.633
13 12 0.0
14 12 0.0
15 12 0.0
16 12 0.02
17 12 0.0
18 12 0.0
19 12 0.0
20 12 0.0
0 13 0.038
1 13 0.058
2 13 0.0
3 13 0.0
4 13 0.019
5 13 0.0
6 13 0.0
7 13 0.077
8 13 0.0
9 13 0.0
10 13 0.154
11 13 0.0
12 13 0.0
13 13 0.269
14 13 0.058
15 13 0.135
16 13 0.0
17 13 0.0
18 13 0.058
19 13 0.0
20 13 0.019
0 14 0.014
1 14 0.0
2 14 0.0
3 14 0.0
4 14 0.028
5 14 0.0
6 14 0.0
7 14 0.021
8 14 0.0
9 14 0.014
10 14 0.021
11 14 0.0
12 14 0.014
13 14 0.014
14 14 0.434
15 14 0.063
16 14 0.049
17 14 0.007
18 14 0.007
19 14 0.007
20 14 0.014
0 15 0.014
1 15 0.014
2 15 0.0
3 15 0.0
4 15 0.0
5 15 0.0
6 15 0.0
7 15 0.007
8 15 0.0
9 15 0.0
10 15 0.0
11 15 0.0
12 15 0.007
13 15 0.0
14 15 0.014
15 15 0.379
16 15 0.093
17 15 0.086
18 15 0.0
19 15 0.0
20 15 0.007
0 16 0.009
1 16 0.027
2 16 0.0
3 16 0.009
4 16 0.127
5 16 0.009
6 16 0.0
7 16 0.082
8 16 0.0
9 16 0.055
10 16 0.018
11 16 0.0
12 16 0.009
13 16 0.036
14 16 0.336
15 16 0.391
16 16 0.727
17 16 0.182
18 16 0.091
19 16 0.0
20 16 0.027
0 17 0.0
1 17 0.008
2 17 0.0
3 17 0.0
4 17 0.0
5 17 0.0
6 17 0.0
7 17 0.0
8 17 0.0
9 17 0.0
10 17 0.0
11 17 0.0
12 17 0.0
13 17 0.004
14 17 0.0
15 17 0.012
16 17 0.008
17 17 0.868
18 17 0.0
19 17 0.0
20 17 0.004
0 18 0.0
1 18 0.053
2 18 0.0
3 18 0.019
4 18 0.014
5 18 0.029
6 18 0.0
7 18 0.029
8 18 0.0
9 18 0.005
10 18 0.029
11 18 0.0
12 18 0.005
13 18 0.019
14 18 0.019
15 18 0.0
16 18 0.0
17 18 0.0
18 18 0.686
19 18 0.01
20 18 0.005
0 19 0.008
1 19 0.098
2 19 0.0
3 19 0.008
4 19 0.008
5 19 0.038
6 19 0.008
7 19 0.008
8 19 0.0
9 19 0.288
10 19 0.023
11 19 0.0
12 19 0.0
13 19 0.0
14 19 0.015
15 19 0.0
16 19 0.0
17 19 0.0
18 19 0.205
19 19 0.864
20 19 0.023
0 20 0.019
1 20 0.115
2 20 0.0
3 20 0.0
4 20 0.038
5 20 0.058
6 20 0.0
7 20 0.058
8 20 0.0
9 20 0.077
10 20 0.0
11 20 0.0
12 20 0.077
13 20 0.038
14 20 0.192
15 20 0.058
16 20 0.0
17 20 0.0
18 20 0.038
19 20 0.019
20 20 0.673
