0 0 0.316
1 0 0.0
2 0 0.0
3 0 1.789
4 0 0.0
5 0 0.0
6 0 0.0
7 0 0.0
8 0 0.0
9 0 0.0
10 0 0.0
11 0 0.0
12 0 0.0
13 0 0.0
14 0 0.053
15 0 0.0
16 0 0.0
17 0 0.0
18 0 0.0
19 0 0.0
20 0 0.0
0 1 0.015
1 1 0.212
2 1 0.0
3 1 0.0
4 1 0.0
5 1 0.015
6 1 0.0
7 1 0.0
8 1 0.015
9 1 0.045
10 1 0.091
11 1 0.0
12 1 0.015
13 1 0.03
14 1 0.015
15 1 0.015
16 1 0.0
17 1 0.106
18 1 0.106
19 1 0.015
20 1 0.0
0 2 0.0
1 2 0.0
2 2 1.0
3 2 0.0
4 2 0.0
5 2 0.0
6 2 0.0
7 2 0.0
8 2 0.0
9 2 0.0
10 2 0.0
11 2 0.0
12 2 0.0
13 2 0.0
14 2 0.0
15 2 0.0
16 2 0.0
17 2 0.0
18 2 0.0
19 2 0.0
20 2 0.0
0 3 0.042
1 3 0.008
2 3 0.0
3 3 0.575
4 3 0.0
5 3 0.0
6 3 0.0
7 3 0.0
8 3 0.0
9 3 0.0
10 3 0.017
11 3 0.0
12 3 0.0
13 3 0.0
14 3 0.0
15 3 0.0
16 3 0.0
17 3 0.0
18 3 0.05
19 3 0.0
20 3 0.0
0 4 0.0
1 4 0.0
2 4 0.0
3 4 0.0
4 4 0.195
5 4 0.024
6 4 0.0
7 4 0.024
8 4 0.0
9 4 0.012
10 4 0.049
11 4 0.0
12 4 0.024
13 4 0.012
14 4 0.024
15 4 0.0
16 4 0.061
17 4 0.024
18 4 0.024
19 4 0.0
20 4 0.0
0 5 0.0
1 5 0.062
2 5 0.0
3 5 0.011
4 5 0.08
5 5 0.955
6 5 0.0
7 5 0.006
8 5 0.0
9 5 0.04
10 5 0.023
11 5 0.0
12 5 0.0
13 5 0.006
14 5 0.017
15 5 0.0
16 5 0.006
17 5 0.0
18 5 0.028
19 5 0.006
20 5 0.011
0 6 0.0
1 6 0.0
2 6 0.0
3 6 0.0
4 6 0.0
5 6 0.0
6 6 1.0
7 6 0.038
8 6 0.0
9 6 0.0
10 6 0.0
11 6 0.0
12 6 0.0
13 6 0.0
14 6 0.0
15 6 0.0
16 6 0.0
17 6 0.0
18 6 0.008
19 6 0.1
20 6 0.0
0 7 0.0
1 7 0.006
2 7 0.0
3 7 0.0
4 7 0.0
5 7 0.0
6 7 0.0
7 7 0.692
8 7 0.0
9 7 0.006
10 7 0.013
11 7 0.0
12 7 0.006
13 7 0.026
14 7 0.026
15 7 0.032
16 7 0.0
17 7 0.0
18 7 0.032
19 7 0.045
20 7 0.006
0 8 0.0
1 8 0.0
2 8 0.0
3 8 0.0
4 8 0.0
5 8 0.0
6 8 0.0
7 8 0.0
8 8 0.969
9 8 0.0
10 8 0.0
11 8 0.0
12 8 0.0
13 8 0.031
14 8 0.0
15 8 0.0
16 8 0.0
17 8 0.0
18 8 0.0
19 8 0.0
20 8 0.0
0 9 0.0
1 9 0.09
2 9 0.0
3 9 0.06
4 9 0.015
5 9 0.045
6 9 0.0
7 9 0.015
8 9 0.0
9 9 0.134
10 9 0.0
11 9 0.015
12 9 0.015
13 9 0.015
14 9 0.03
15 9 0.03
16 9 0.045
17 9 0.015
18 9 0.015
19 9 0.0
20 9 0.06
0 10 0.0
1 10 0.08
2 10 0.0
3 10 0.04
4 10 0.0
5 10 0.0
6 10 0.0
7 10 0.0
8 10 0.0
9 10 0.0
10 10 0.547
11 10 0.0
12 10 0.0
13 10 0.013
14 10 0.0
15 10 0.0
16 10 0.027
17 10 0.0
18 10 0.0
19 10 0.0
20 10 0.013
0 11 0.0
1 11 0.008
2 11 0.0
3 11 0.0
4 11 0.0
5 11 0.0
6 11 0.0
7 11 0.008
8 11 0.0
9 11 0.0
10 11 0.008
11 11 0.967
12 11 0.0
13 11 0.017
14 11 0.0
15 11 0.0
16 11 0.008
17 11 0.0
18 11 0.058
19 11 0.0
20 11 0.017
0 12 0.0
1 12 0.0
2 12 0.0
3 12 0.0
4 12 0.0
5 12 0.0
6 12 0.0
7 12 0.0
8 12 0.0
9 12 0.0
10 12 0.0
11 12 0.0
12 12 0.739
13 12 0.022
14 12 0.0
15 12 0.0
16 12 0.022
17 12 0.0
18 12 0.022
19 12 0.0
20 12 0.043
0 13 0.0
1 13 0.125
2 13 0.0
3 13 0.036
4 13 0.036
5 13 0.0
6 13 0.0
7 13 0.036
8 13 0.0
9 13 0.036
10 13 0.054
11 13 0.0
12 13 0.0
13 13 0.286
14 13 0.054
15 13 0.071
16 13 0.0
17 13 0.0
18 13 0.054
19 13 0.0
20 13 0.036
0 14 0.0
1 14 0.0
2 14 0.0
3 14 0.011
4 14 0.154
5 14 0.0
6 14 0.0
7 14 0.033
8 14 0.0
9 14 0.022
10 14 0.033
11 14 0.0
12 14 0.022
13 14 0.033
14 14 0.549
15 14 0.11
16 14 0.033
17 14 0.022
18 14 0.055
19 14 0.011
20 14 0.022
0 15 0.0
1 15 0.0
2 15 0.0
3 15 0.019
4 15 0.0
5 15 0.0
6 15 0.0
7 15 0.0
8 15 0.0
9 15 0.009
10 15 0.009
11 15 0.0
12 15 0.0
13 15 0.028
14 15 0.019
15 15 0.472
16 15 0.056
17 15 0.185
18 15 0.0
19 15 0.0
20 15 0.009
0 16 0.022
1 16 0.066
2 16 0.0
3 16 0.0
4 16 0.363
5 16 0.0
6 16 0.0
7 16 0.044
8 16 0.0
9 16 0.209
10 16 0.033
11 16 0.0
12 16 0.0
13 16 0.132
14 16 0.154
15 16 0.319
16 16 0.736
17 16 0.341
18 16 0.121
19 16 0.0
20 16 0.044
0 17 0.0
1 17 0.01
2 17 0.0
3 17 0.0
4 17 0.0
5 17 0.0
6 17 0.0
7 17 0.0
8 17 0.0
9 17 0.0
10 17 0.0
11 17 0.0
12 17 0.0
13 17 0.0
14 17 0.0
15 17 0.017
16 17 0.003
17 17 0.777
18 17 0.0
19 17 0.0
20 17 0.003
0 18 0.0
1 18 0.022
2 18 0.0
3 18 0.009
4 18 0.004
5 18 0.004
6 18 0.0
7 18 0.009
8 18 0.0
9 18 0.0
10 18 0.009
11 18 0.004
12 18 0.009
13 18 0.009
14 18 0.0
15 18 0.0
16 18 0.0
17 18 0.0
18 18 0.735
19 18 0.009
20 18 0.022
0 19 0.029
1 19 0.006
2 19 0.0
3 19 0.0
4 19 0.006
5 19 0.0
6 19 0.0
7 19 0.143
8 19 0.0
9 19 0.114
10 19 0.011
11 19 0.006
12 19 0.0
13 19 0.006
14 19 0.011
15 19 0.0
16 19 0.0
17 19 0.0
18 19 0.011
19 19 0.84
20 19 0.017
0 20 0.0
1 20 0.058
2 20 0.0
3 20 0.014
4 20 0.0
5 20 0.014
6 20 0.0
7 20 0.029
8 20 0.0
9 20 0.029
10 20 0.014
11 20 0.014
12 20 0.043
13 20 0.072
14 20 0.101
15 20 0.014
16 20 0.014
17 20 0.014
18 20 0.058
19 20 0.043
20 20 0.565
