0 0 0.642
1 0 0.075
2 0 0.0
3 0 0.038
4 0 0.0
5 0 0.0
6 0 0.0
7 0 0.0
8 0 0.0
9 0 0.0
10 0 0.0
11 0 0.0
12 0 0.0
13 0 0.019
14 0 0.0
15 0 0.0
16 0 0.0
17 0 0.0
18 0 0.0
19 0 0.0
20 0 0.0
0 1 0.0
1 1 0.195
2 1 0.0
3 1 0.012
4 1 0.012
5 1 0.012
6 1 0.0
7 1 0.012
8 1 0.0
9 1 0.012
10 1 0.061
11 1 0.0
12 1 0.012
13 1 0.085
14 1 0.0
15 1 0.024
16 1 0.073
17 1 0.0
18 1 0.037
19 1 0.012
20 1 0.0
0 2 0.0
1 2 0.0
2 2 1.0
3 2 0.0
4 2 0.0
5 2 0.0
6 2 0.0
7 2 0.0
8 2 0.0
9 2 0.0
10 2 0.0
11 2 0.0
12 2 0.0
13 2 0.0
14 2 0.0
15 2 0.0
16 2 0.0
17 2 0.0
18 2 0.0
19 2 0.0
20 2 0.0
0 3 0.0
1 3 0.06
2 3 0.0
3 3 0.857
4 3 0.012
5 3 0.0
6 3 0.0
7 3 0.0
8 3 0.0
9 3 0.0
10 3 0.036
11 3 0.0
12 3 0.0
13 3 0.012
14 3 0.0
15 3 0.0
16 3 0.0
17 3 0.0
18 3 0.012
19 3 0.0
20 3 0.0
0 4 0.0
1 4 0.0
2 4 0.0
3 4 0.007
4 4 0.124
5 4 0.007
6 4 0.0
7 4 0.015
8 4 0.0
9 4 0.007
10 4 0.036
11 4 0.0
12 4 0.022
13 4 0.0
14 4 0.015
15 4 0.015
16 4 0.022
17 4 0.015
18 4 0.0
19 4 0.0
20 4 0.0
0 5 0.0
1 5 0.02
2 5 0.0
3 5 0.005
4 5 0.099
5 5 0.787
6 5 0.0
7 5 0.01
8 5 0.0
9 5 0.015
10 5 0.064
11 5 0.0
12 5 0.0
13 5 0.04
14 5 0.01
15 5 0.005
16 5 0.0
17 5 0.0
18 5 0.01
19 5 0.005
20 5 0.02
0 6 0.0
1 6 0.008
2 6 0.0
3 6 0.0
4 6 0.0
5 6 0.0
6 6 1.0
7 6 0.008
8 6 0.0
9 6 0.0
10 6 0.008
11 6 0.008
12 6 0.0
13 6 0.0
14 6 0.0
15 6 0.0
16 6 0.0
17 6 0.0
18 6 0.0
19 6 0.112
20 6 0.048
0 7 0.0
1 7 0.014
2 7 0.0
3 7 0.0
4 7 0.007
5 7 0.0
6 7 0.0
7 7 0.736
8 7 0.0
9 7 0.0
10 7 0.029
11 7 0.0
12 7 0.0
13 7 0.05
14 7 0.029
15 7 0.036
16 7 0.0
17 7 0.0
18 7 0.021
19 7 0.071
20 7 0.0
0 8 0.0
1 8 0.0
2 8 0.0
3 8 0.0
4 8 0.0
5 8 0.0
6 8 0.0
7 8 0.0
8 8 1.0
9 8 0.0
10 8 0.0
11 8 0.0
12 8 0.0
13 8 0.032
14 8 0.0
15 8 0.0
16 8 0.0
17 8 0.0
18 8 0.0
19 8 0.0
20 8 0.0
0 9 0.083
1 9 0.167
2 9 0.0
3 9 0.042
4 9 0.167
5 9 0.042
6 9 0.0
7 9 0.042
8 9 0.0
9 9 0.125
10 9 0.0
11 9 0.0
12 9 0.083
13 9 0.292
14 9 0.083
15 9 0.042
16 9 0.167
17 9 0.042
18 9 0.0
19 9 0.0
20 9 0.292
0 10 0.035
1 10 0.026
2 10 0.0
3 10 0.018
4 10 0.0
5 10 0.0
6 10 0.0
7 10 0.009
8 10 0.0
9 10 0.009
10 10 0.333
11 10 0.0
12 10 0.0
13 10 0.035
14 10 0.0
15 10 0.0
16 10 0.0
17 10 0.0
18 10 0.0
19 10 0.009
20 10 0.0
0 11 0.0
1 11 0.018
2 11 0.0
3 11 0.0
4 11 0.009
5 11 0.0
6 11 0.0
7 11 0.018
8 11 0.0
9 11 0.018
10 11 0.027
11 11 0.956
12 11 0.0
13 11 0.027
14 11 0.009
15 11 0.009
16 11 0.018
17 11 0.0
18 11 0.009
19 11 0.0
20 11 0.053
0 12 0.0
1 12 0.065
2 12 0.0
3 12 0.0
4 12 0.0
5 12 0.0
6 12 0.0
7 12 0.0
8 12 0.0
9 12 0.0
10 12 0.022
11 12 0.0
12 12 0.717
13 12 0.0
14 12 0.0
15 12 0.0
16 12 0.022
17 12 0.0
18 12 0.022
19 12 0.0
20 12 0.0
0 13 0.021
1 13 0.01
2 13 0.0
3 13 0.01
4 13 0.031
5 13 0.0
6 13 0.0
7 13 0.042
8 13 0.0
9 13 0.0
10 13 0.094
11 13 0.0
12 13 0.0
13 13 0.156
14 13 0.031
15 13 0.073
16 13 0.0
17 13 0.0
18 13 0.0
19 13 0.0
20 13 0.01
0 14 0.036
1 14 0.0
2 14 0.0
3 14 0.009
4 14 0.188
5 14 0.0
6 14 0.0
7 14 0.027
8 14 0.0
9 14 0.027
10 14 0.027
11 14 0.0
12 14 0.018
13 14 0.027
14 14 0.42
15 14 0.036
16 14 0.071
17 14 0.018
18 14 0.0
19 14 0.0
20 14 0.0
0 15 0.021
1 15 0.021
2 15 0.0
3 15 0.0
4 15 0.01
5 15 0.0
6 15 0.0
7 15 0.01
8 15 0.0
9 15 0.0
10 15 0.01
11 15 0.0
12 15 0.0
13 15 0.021
14 15 0.021
15 15 0.474
16 15 0.082
17 15 0.216
18 15 0.0
19 15 0.0
20 15 0.01
0 16 0.009
1 16 0.044
2 16 0.0
3 16 0.0
4 16 0.421
5 16 0.0
6 16 0.0
7 16 0.044
8 16 0.0
9 16 0.088
10 16 0.044
11 16 0.0
12 16 0.0
13 16 0.096
14 16 0.114
15 16 0.219
16 16 0.675
17 16 0.272
18 16 0.0
19 16 0.018
20 16 0.018
0 17 0.0
1 17 0.007
2 17 0.0
3 17 0.0
4 17 0.0
5 17 0.0
6 17 0.0
7 17 0.004
8 17 0.0
9 17 0.0
10 17 0.0
11 17 0.0
12 17 0.0
13 17 0.011
14 17 0.0
15 17 0.007
16 17 0.014
17 17 0.792
18 17 0.0
19 17 0.0
20 17 0.0
0 18 0.009
1 18 0.131
2 18 0.0
3 18 0.009
4 18 0.121
5 18 0.084
6 18 0.0
7 18 0.028
8 18 0.0
9 18 0.0
10 18 0.187
11 18 0.0
12 18 0.009
13 18 0.093
14 18 0.187
15 18 0.0
16 18 0.0
17 18 0.0
18 18 0.879
19 18 0.037
20 18 0.009
0 19 0.013
1 19 0.065
2 19 0.0
3 19 0.0
4 19 0.026
5 19 0.19
6 19 0.0
7 19 0.046
8 19 0.0
9 19 0.0
10 19 0.007
11 19 0.013
12 19 0.0
13 19 0.065
14 19 0.033
15 19 0.0
16 19 0.0
17 19 0.0
18 19 0.007
19 19 0.771
20 19 0.137
0 20 0.012
1 20 0.048
2 20 0.0
3 20 0.012
4 20 0.024
5 20 0.024
6 20 0.0
7 20 0.036
8 20 0.0
9 20 0.0
10 20 0.024
11 20 0.024
12 20 0.048
13 20 0.036
14 20 0.131
15 20 0.012
16 20 0.012
17 20 0.012
18 20 0.012
19 20 0.024
20 20 0.417
