0 0 1.0
1 0 0.0
2 0 0.0
3 0 0.0
4 0 0.0
5 0 0.0
6 0 0.0
7 0 0.0
8 0 0.0
9 0 0.0
10 0 0.0
11 0 0.0
12 0 0.0
13 0 0.0
14 0 0.0
15 0 0.0
16 0 0.0
17 0 0.0
18 0 0.0
19 0 0.0
20 0 0.0
0 1 0.0
1 1 0.4
2 1 0.0
3 1 0.067
4 1 0.0
5 1 0.067
6 1 0.067
7 1 0.2
8 1 0.0
9 1 0.067
10 1 0.0
11 1 0.067
12 1 0.0
13 1 0.0
14 1 0.0
15 1 0.0
16 1 0.0
17 1 0.0
18 1 0.0
19 1 0.067
20 1 0.0
0 2 0.0
1 2 0.0
2 2 0.99
3 2 0.0
4 2 0.0
5 2 0.0
6 2 0.0
7 2 0.0
8 2 0.0
9 2 0.0
10 2 0.0
11 2 0.01
12 2 0.0
13 2 0.0
14 2 0.0
15 2 0.0
16 2 0.0
17 2 0.0
18 2 0.0
19 2 0.0
20 2 0.0
0 3 0.0
1 3 0.0
2 3 0.0
3 3 1.0
4 3 0.0
5 3 0.0
6 3 0.0
7 3 0.0
8 3 0.0
9 3 0.0
10 3 0.0
11 3 0.0
12 3 0.0
13 3 0.0
14 3 0.0
15 3 0.0
16 3 0.0
17 3 0.0
18 3 0.0
19 3 0.0
20 3 0.0
0 4 0.0
1 4 0.0
2 4 0.0
3 4 0.059
4 4 0.176
5 4 0.118
6 4 0.0
7 4 0.0
8 4 0.0
9 4 0.059
10 4 0.0
11 4 0.118
12 4 0.0
13 4 0.0
14 4 0.059
15 4 0.059
16 4 0.294
17 4 0.059
18 4 0.0
19 4 0.0
20 4 0.0
0 5 0.0
1 5 0.0
2 5 0.0
3 5 0.0
4 5 0.0
5 5 0.884
6 5 0.011
7 5 0.0
8 5 0.0
9 5 0.021
10 5 0.0
11 5 0.011
12 5 0.0
13 5 0.0
14 5 0.011
15 5 0.0
16 5 0.0
17 5 0.0
18 5 0.021
19 5 0.042
20 5 0.0
0 6 0.0
1 6 0.0
2 6 0.0
3 6 0.0
4 6 0.0
5 6 0.0
6 6 0.944
7 6 0.056
8 6 0.0
9 6 0.0
10 6 0.0
11 6 0.0
12 6 0.0
13 6 0.0
14 6 0.0
15 6 0.0
16 6 0.0
17 6 0.0
18 6 0.0
19 6 0.0
20 6 0.0
0 7 0.0
1 7 0.0
2 7 0.0
3 7 0.0
4 7 0.0
5 7 0.02
6 7 0.039
7 7 0.863
8 7 0.0
9 7 0.0
10 7 0.0
11 7 0.0
12 7 0.0
13 7 0.0
14 7 0.0
15 7 0.0
16 7 0.078
17 7 0.0
18 7 0.0
19 7 0.0
20 7 0.0
0 8 0.0
1 8 0.0
2 8 0.0
3 8 0.0
4 8 0.0
5 8 0.0
6 8 0.0
7 8 0.0
8 8 1.0
9 8 0.0
10 8 0.0
11 8 0.0
12 8 0.0
13 8 0.0
14 8 0.0
15 8 0.0
16 8 0.0
17 8 0.0
18 8 0.0
19 8 0.0
20 8 0.0
0 9 0.0
1 9 0.056
2 9 0.0
3 9 0.0
4 9 0.056
5 9 0.056
6 9 0.0
7 9 0.056
8 9 0.0
9 9 0.0
10 9 0.0
11 9 0.111
12 9 0.0
13 9 0.111
14 9 0.0
15 9 0.0
16 9 0.056
17 9 0.167
18 9 0.0
19 9 0.333
20 9 0.0
0 10 0.0
1 10 0.062
2 10 0.0
3 10 0.0
4 10 0.062
5 10 0.062
6 10 0.0
7 10 0.0
8 10 0.0
9 10 0.0
10 10 0.562
11 10 0.062
12 10 0.0
13 10 0.0
14 10 0.062
15 10 0.0
16 10 0.062
17 10 0.0
18 10 0.062
19 10 0.0
20 10 0.0
0 11 0.0
1 11 0.016
2 11 0.049
3 11 0.016
4 11 0.0
5 11 0.033
6 11 0.0
7 11 0.016
8 11 0.0
9 11 0.0
10 11 0.0
11 11 0.754
12 11 0.0
13 11 0.0
14 11 0.0
15 11 0.016
16 11 0.033
17 11 0.016
18 11 0.0
19 11 0.049
20 11 0.0
0 12 0.0
1 12 0.0
2 12 0.0
3 12 0.0
4 12 0.0
5 12 0.118
6 12 0.0
7 12 0.0
8 12 0.0
9 12 0.0
10 12 0.0
11 12 0.0
12 12 0.824
13 12 0.0
14 12 0.059
15 12 0.0
16 12 0.0
17 12 0.0
18 12 0.0
19 12 0.0
20 12 0.0
0 13 0.0
1 13 0.056
2 13 0.111
3 13 0.0
4 13 0.0
5 13 0.0
6 13 0.0
7 13 0.111
8 13 0.0
9 13 0.056
10 13 0.0
11 13 0.056
12 13 0.0
13 13 0.333
14 13 0.0
15 13 0.056
16 13 0.167
17 13 0.0
18 13 0.0
19 13 0.056
20 13 0.0
0 14 0.0
1 14 0.0
2 14 0.039
3 14 0.0
4 14 0.0
5 14 0.059
6 14 0.02
7 14 0.02
8 14 0.0
9 14 0.0
10 14 0.02
11 14 0.078
12 14 0.0
13 14 0.02
14 14 0.255
15 14 0.02
16 14 0.294
17 14 0.039
18 14 0.0
19 14 0.137
20 14 0.0
0 15 0.0
1 15 0.0
2 15 0.0
3 15 0.0
4 15 0.0
5 15 0.0
6 15 0.0
7 15 0.0
8 15 0.0
9 15 0.0
10 15 0.0
11 15 0.0
12 15 0.0
13 15 0.0
14 15 0.0
15 15 0.435
16 15 0.304
17 15 0.261
18 15 0.0
19 15 0.0
20 15 0.0
0 16 0.0
1 16 0.0
2 16 0.0
3 16 0.0
4 16 0.009
5 16 0.0
6 16 0.0
7 16 0.0
8 16 0.0
9 16 0.0
10 16 0.009
11 16 0.026
12 16 0.0
13 16 0.0
14 16 0.018
15 16 0.018
16 16 0.658
17 16 0.228
18 16 0.009
19 16 0.018
20 16 0.009
0 17 0.0
1 17 0.0
2 17 0.012
3 17 0.0
4 17 0.0
5 17 0.012
6 17 0.0
7 17 0.0
8 17 0.0
9 17 0.0
10 17 0.0
11 17 0.012
12 17 0.0
13 17 0.0
14 17 0.0
15 17 0.0
16 17 0.11
17 17 0.854
18 17 0.0
19 17 0.0
20 17 0.0
0 18 0.0
1 18 0.0
2 18 0.015
3 18 0.0
4 18 0.0
5 18 0.015
6 18 0.015
7 18 0.0
8 18 0.0
9 18 0.0
10 18 0.015
11 18 0.0
12 18 0.0
13 18 0.0
14 18 0.0
15 18 0.0
16 18 0.0
17 18 0.0
18 18 0.896
19 18 0.045
20 18 0.0
0 19 0.0
1 19 0.0
2 19 0.039
3 19 0.0
4 19 0.0
5 19 0.0
6 19 0.053
7 19 0.092
8 19 0.0
9 19 0.013
10 19 0.0
11 19 0.026
12 19 0.0
13 19 0.013
14 19 0.013
15 19 0.0
16 19 0.013
17 19 0.0
18 19 0.0
19 19 0.737
20 19 0.0
0 20 0.0
1 20 0.0
2 20 0.037
3 20 0.0
4 20 0.0
5 20 0.037
6 20 0.037
7 20 0.037
8 20 0.0
9 20 0.037
10 20 0.0
11 20 0.111
12 20 0.074
13 20 0.0
14 20 0.0
15 20 0.0
16 20 0.037
17 20 0.037
18 20 0.0
19 20 0.185
20 20 0.37
