0 0 0.76
1 0 0.0
2 0 0.0
3 0 0.45
4 0 0.0
5 0 0.0
6 0 0.0
7 0 0.0
8 0 0.0
9 0 0.02
10 0 0.0
11 0 0.0
12 0 0.0
13 0 0.0
14 0 0.0
15 0 0.0
16 0 0.0
17 0 0.0
18 0 0.01
19 0 0.0
20 0 0.0
0 1 0.0
1 1 0.22
2 1 0.0
3 1 0.0
4 1 0.03
5 1 0.0
6 1 0.0
7 1 0.01
8 1 0.0
9 1 0.0
10 1 0.0
11 1 0.0
12 1 0.05
13 1 0.07
14 1 0.0
15 1 0.06
16 1 0.04
17 1 0.0
18 1 0.04
19 1 0.0
20 1 0.01
0 2 0.0
1 2 0.0
2 2 1.0
3 2 0.0
4 2 0.0
5 2 0.0
6 2 0.0
7 2 0.0
8 2 0.0
9 2 0.0
10 2 0.0
11 2 0.0
12 2 0.0
13 2 0.0
14 2 0.0
15 2 0.0
16 2 0.0
17 2 0.0
18 2 0.0
19 2 0.0
20 2 0.0
0 3 0.07
1 3 0.0
2 3 0.0
3 3 0.24
4 3 0.03
5 3 0.0
6 3 0.0
7 3 0.01
8 3 0.0
9 3 0.08
10 3 0.02
11 3 0.0
12 3 0.0
13 3 0.07
14 3 0.01
15 3 0.0
16 3 0.0
17 3 0.0
18 3 0.0
19 3 0.0
20 3 0.0
0 4 0.0
1 4 0.0
2 4 0.0
3 4 0.0
4 4 0.13
5 4 0.01
6 4 0.01
7 4 0.01
8 4 0.0
9 4 0.02
10 4 0.0
11 4 0.02
12 4 0.0
13 4 0.0
14 4 0.12
15 4 0.02
16 4 0.05
17 4 0.0
18 4 0.07
19 4 0.0
20 4 0.01
0 5 0.0
1 5 0.02
2 5 0.0
3 5 0.01
4 5 0.15
5 5 0.74
6 5 0.0
7 5 0.01
8 5 0.0
9 5 0.02
10 5 0.08
11 5 0.0
12 5 0.0
13 5 0.0
14 5 0.0
15 5 0.01
16 5 0.01
17 5 0.0
18 5 0.05
19 5 0.05
20 5 0.09
0 6 0.0
1 6 0.0
2 6 0.0
3 6 0.0
4 6 0.0
5 6 0.01
6 6 0.97
7 6 0.07
8 6 0.0
9 6 0.08
10 6 0.04
11 6 0.02
12 6 0.0
13 6 0.0
14 6 0.02
15 6 0.01
16 6 0.04
17 6 0.05
18 6 0.02
19 6 0.24
20 6 0.04
0 7 0.0
1 7 0.02
2 7 0.0
3 7 0.0
4 7 0.03
5 7 0.02
6 7 0.01
7 7 0.5
8 7 0.0
9 7 0.02
10 7 0.02
11 7 0.01
12 7 0.0
13 7 0.02
14 7 0.0
15 7 0.01
16 7 0.03
17 7 0.0
18 7 0.03
19 7 0.15
20 7 0.04
0 8 0.0
1 8 0.07
2 8 0.0
3 8 0.0
4 8 0.05
5 8 0.04
6 8 0.0
7 8 0.01
8 8 0.97
9 8 0.0
10 8 0.0
11 8 0.02
12 8 0.0
13 8 0.13
14 8 0.05
15 8 0.07
16 8 0.05
17 8 0.1
18 8 0.02
19 8 0.05
20 8 0.04
0 9 0.0
1 9 0.0
2 9 0.0
3 9 0.0
4 9 0.05
5 9 0.08
6 9 0.0
7 9 0.01
8 9 0.0
9 9 0.02
10 9 0.04
11 9 0.01
12 9 0.03
13 9 0.02
14 9 0.0
15 9 0.02
16 9 0.04
17 9 0.13
18 9 0.01
19 9 0.07
20 9 0.03
0 10 0.17
1 10 0.33
2 10 0.0
3 10 0.22
4 10 0.18
5 10 0.05
6 10 0.0
7 10 0.12
8 10 0.03
9 10 0.22
10 10 0.68
11 10 0.04
12 10 0.05
13 10 0.29
14 10 0.07
15 10 0.05
16 10 0.06
17 10 0.0
18 10 0.23
19 10 0.2
20 10 0.03
0 11 0.0
1 11 0.04
2 11 0.0
3 11 0.0
4 11 0.0
5 11 0.0
6 11 0.0
7 11 0.0
8 11 0.0
9 11 0.08
10 11 0.0
11 11 0.77
12 11 0.0
13 11 0.0
14 11 0.03
15 11 0.0
16 11 0.03
17 11 0.0
18 11 0.02
19 11 0.01
20 11 0.2
0 12 0.0
1 12 0.07
2 12 0.0
3 12 0.0
4 12 0.13
5 12 0.01
6 12 0.0
7 12 0.14
8 12 0.0
9 12 0.12
10 12 0.02
11 12 0.03
12 12 0.74
13 12 0.07
14 12 0.11
15 12 0.09
16 12 0.19
17 12 0.03
18 12 0.03
19 12 0.11
20 12 0.12
0 13 0.0
1 13 0.07
2 13 0.0
3 13 0.0
4 13 0.0
5 13 0.0
6 13 0.0
7 13 0.03
8 13 0.0
9 13 0.05
10 13 0.02
11 13 0.02
12 13 0.13
13 13 0.04
14 13 0.0
15 13 0.01
16 13 0.01
17 13 0.0
18 13 0.03
19 13 0.08
20 13 0.03
0 14 0.0
1 14 0.02
2 14 0.0
3 14 0.07
4 14 0.0
5 14 0.0
6 14 0.0
7 14 0.04
8 14 0.0
9 14 0.05
10 14 0.02
11 14 0.03
12 14 0.0
13 14 0.13
14 14 0.34
15 14 0.11
16 14 0.03
17 14 0.0
18 14 0.06
19 14 0.01
20 14 0.07
0 15 0.0
1 15 0.09
2 15 0.0
3 15 0.0
4 15 0.03
5 15 0.0
6 15 0.0
7 15 0.0
8 15 0.0
9 15 0.02
10 15 0.0
11 15 0.02
12 15 0.0
13 15 0.02
14 15 0.01
15 15 0.25
16 15 0.13
17 15 0.24
18 15 0.0
19 15 0.01
20 15 0.03
0 16 0.0
1 16 0.0
2 16 0.0
3 16 0.0
4 16 0.05
5 16 0.0
6 16 0.0
7 16 0.0
8 16 0.0
9 16 0.0
10 16 0.02
11 16 0.0
12 16 0.0
13 16 0.0
14 16 0.03
15 16 0.07
16 16 0.07
17 16 0.0
18 16 0.01
19 16 0.0
20 16 0.01
0 17 0.0
1 17 0.0
2 17 0.0
3 17 0.0
4 17 0.03
5 17 0.0
6 17 0.0
7 17 0.0
8 17 0.0
9 17 0.02
10 17 0.0
11 17 0.01
12 17 0.0
13 17 0.02
14 17 0.04
15 17 0.18
16 17 0.09
17 17 0.44
18 17 0.0
19 17 0.0
20 17 0.01
0 18 0.0
1 18 0.02
2 18 0.0
3 18 0.0
4 18 0.13
5 18 0.02
6 18 0.0
7 18 0.03
8 18 0.0
9 18 0.15
10 18 0.04
11 18 0.0
12 18 0.0
13 18 0.02
14 18 0.13
15 18 0.0
16 18 0.1
17 18 0.0
18 18 0.1
19 18 0.0
20 18 0.01
0 19 0.0
1 19 0.04
2 19 0.0
3 19 0.0
4 19 0.0
5 19 0.01
6 19 0.0
7 19 0.01
8 19 0.0
9 19 0.0
10 19 0.02
11 19 0.0
12 19 0.0
13 19 0.07
14 19 0.02
15 19 0.0
16 19 0.01
17 19 0.0
18 19 0.09
19 19 0.0
20 19 0.16
0 20 0.0
1 20 0.0
2 20 0.0
3 20 0.01
4 20 0.0
5 20 0.0
6 20 0.0
7 20 0.0
8 20 0.0
9 20 0.0
10 20 0.0
11 20 0.02
12 20 0.0
13 20 0.02
14 20 0.03
15 20 0.02
16 20 0.02
17 20 0.0
18 20 0.19
19 20 0.0
20 20 0.08
